#T          f         S           v
10.0      -98         9.0         -0.26
10.5      -98         6.5         -0.26
11.0      -98         9.0         -0.26
11.5      -98         9.0         -0.26
12.0      -73        13.0         -0.19
12.5      -73         9.5         -0.19
13.0      -85         6.5         -0.22
13.5      -85         7.0         -0.22
14.0      -98         5.5         -0.26
14.5     -110         5.0         -0.29
15.0     -110         4.0         -0.29
15.5      -98         6.0         -0.26
16.0      -85         7.0         -0.22
16.5      -73         8.0         -0.19
17.0      -73        10.0         -0.19
17.5      -85        10.2         -0.22
18.0      -85        10.0         -0.22
18.5      -85        10.0         -0.22
19.0      -85         9.5         -0.22
