#T        f         S       v
10.0    -232      7.0       -0.61
10.5    -232      7.0       -0.61
11.0    -232      7.0       -0.61
11.5    -183     12.5       -0.48
12.0    -134     10.0       -0.35
12.5    -159      8.0       -0.42
13.0    -183      5.0       -0.48
13.5    -232      6.0       -0.61
14.0    -269      4.0       -0.70
14.5    -305      3.0       -0.80
15.0    -305      3.5       -0.80
15.5    -293      3.2       -0.77
16.0    -256      3.5       -0.67
16.5    -195      5.0       -0.51
17.0    -146      7.2       -0.38
17.5    -140     13.0       -0.37
18.0    -183     10.0       -0.48
18.5    -208      8.0       -0.54
19.0    -195      8.0       -0.51
