#	Temperatur 1 (°C)	Temperatur 2 (°C)	Temperatur 5 (°C)	Temperatur 6 (°C)
1	25.69	25.50	25.83	25.83
2	25.68	25.52	25.82	25.89
3	25.67	25.63	25.82	26.14
4	25.65	25.82	25.85	26.50
5	25.66	26.06	25.93	26.89
6	25.66	26.33	26.04	27.27
7	25.70	26.61	26.18	27.65
8	25.74	26.90	26.34	28.00
9	25.80	27.18	26.51	28.34
10	25.86	27.45	26.69	28.66
11	25.95	27.71	26.89	28.96
12	26.03	27.95	27.08	29.24
13	26.13	28.19	27.28	29.51
14	26.23	28.42	27.47	29.76
15	26.33	28.65	27.67	30.01
16	26.43	28.86	27.87	30.25
17	26.55	29.05	28.07	30.47
18	26.66	29.25	28.26	30.68
19	26.77	29.43	28.46	30.89
20	26.89	29.61	28.65	31.09
21	27.01	29.77	28.85	31.29
22	27.11	29.93	29.03	31.45
23	27.24	30.00	29.22	31.43
24	27.35	29.96	29.36	31.28
25	27.46	29.87	29.47	31.09
26	27.55	29.74	29.55	30.88
27	27.63	29.58	29.59	30.68
28	27.70	29.43	29.61	30.49
29	27.75	29.27	29.60	30.31
30	27.78	29.13	29.59	30.15
31	27.81	28.99	29.57	30.01
32	27.83	28.85	29.54	29.88
33	27.83	28.73	29.51	29.75
34	27.84	28.61	29.47	29.64
35	27.84	28.51	29.42	29.54
36	27.83	28.41	29.38	29.44
37	27.82	28.31	29.33	29.35
38	27.82	28.23	29.29	29.26
39	27.80	28.16	29.23	29.18
40	27.79	28.08	29.18	29.10
41	27.77	28.01	29.13	29.03
42	27.76	27.95	29.07	28.96
43	27.74	27.91	29.03	28.95
44	27.72	27.95	28.99	29.13
45	27.70	28.10	28.98	29.41
46	27.69	28.29	29.01	29.75
47	27.70	28.52	29.08	30.07
48	27.72	28.77	29.17	30.39
49	27.75	29.01	29.28	30.69
50	27.79	29.26	29.41	30.98
51	27.85	29.50	29.55	31.25
52	27.92	29.73	29.70	31.50
53	28.00	29.94	29.84	31.75
54	28.08	30.16	30.00	31.98
55	28.17	30.36	30.16	32.19
56	28.26	30.56	30.32	32.41
57	28.35	30.75	30.48	32.60
58	28.46	30.93	30.63	32.79
59	28.56	31.10	30.80	32.97
60	28.66	31.27	30.96	33.16
61	28.76	31.43	31.11	33.33
62	28.87	31.58	31.27	33.49
63	28.97	31.73	31.43	33.65
64	29.07	31.85	31.58	33.76
65	29.19	31.89	31.73	33.70
66	29.28	31.82	31.84	33.51
67	29.38	31.71	31.91	33.28
68	29.46	31.55	31.94	33.05
69	29.53	31.39	31.95	32.82
70	29.58	31.21	31.94	32.61
71	29.61	31.05	31.91	32.41
72	29.64	30.89	31.87	32.23
73	29.65	30.73	31.82	32.06
74	29.66	30.59	31.76	31.91
75	29.66	30.45	31.70	31.76
76	29.64	30.33	31.64	31.63
77	29.64	30.20	31.56	31.50
78	29.62	30.09	31.50	31.38
79	29.60	29.99	31.43	31.27
80	29.58	29.89	31.35	31.16
81	29.56	29.80	31.28	31.07
82	29.53	29.72	31.21	30.97
83	29.50	29.64	31.14	30.88
84	29.48	29.57	31.06	30.83
85	29.45	29.58	30.99	30.94
86	29.42	29.70	30.96	31.20
87	29.41	29.88	30.96	31.50
88	29.40	30.09	31.00	31.81
89	29.40	30.32	31.07	32.11
90	29.42	30.56	31.16	32.40
91	29.45	30.79	31.27	32.67
92	29.50	31.02	31.38	32.93
93	29.56	31.24	31.50	33.17
94	29.63	31.46	31.64	33.40
95	29.70	31.66	31.77	33.62
96	29.78	31.86	31.91	33.82
97	29.86	32.05	32.05	34.02
98	29.95	32.23	32.19	34.20
99	30.04	32.40	32.34	34.38
100	30.13	32.57	32.49	34.55
101	30.22	32.72	32.62	34.72
102	30.32	32.88	32.77	34.88
103	30.42	33.02	32.91	35.03
104	30.52	33.16	33.05	35.16
105	30.61	33.22	33.19	35.14
106	30.71	33.18	33.30	34.97
107	30.80	33.07	33.37	34.74
108	30.87	32.92	33.40	34.51
109	30.94	32.76	33.41	34.27
110	30.98	32.58	33.39	34.05
111	31.02	32.41	33.36	33.84
112	31.04	32.25	33.31	33.65
113	31.05	32.09	33.25	33.47
114	31.05	31.94	33.19	33.30
115	31.04	31.79	33.12	33.15
116	31.03	31.66	33.05	33.00
117	31.01	31.53	32.97	32.86
118	31.00	31.41	32.89	32.74
119	30.97	31.30	32.81	32.61
120	30.94	31.20	32.73	32.50
121	30.91	31.10	32.65	32.39
122	30.88	31.01	32.57	32.29
123	30.85	30.92	32.49	32.19
124	30.81	30.85	32.41	32.09
125	30.78	30.80	32.33	32.09
126	30.75	30.86	32.26	32.28
127	30.71	31.00	32.23	32.56
128	30.69	31.19	32.24	32.86
129	30.68	31.41	32.29	33.16
130	30.69	31.64	32.36	33.45
131	30.71	31.87	32.45	33.72
132	30.75	32.10	32.56	33.98
133	30.79	32.32	32.67	34.23
134	30.85	32.53	32.79	34.46
135	30.92	32.74	32.92	34.68
136	30.99	32.94	33.05	34.89
137	31.06	33.13	33.18	35.08
138	31.14	33.31	33.32	35.27
139	31.22	33.49	33.45	35.45
140	31.31	33.65	33.59	35.62
141	31.40	33.81	33.73	35.79
142	31.49	33.96	33.87	35.95
143	31.58	34.10	34.01	36.10
144	31.67	34.25	34.14	36.25
145	31.76	34.34	34.28	36.28
146	31.85	34.33	34.40	36.15
147	31.94	34.24	34.48	35.93
148	32.02	34.09	34.52	35.69
149	32.08	33.93	34.53	35.45
150	32.13	33.76	34.51	35.22
151	32.17	33.58	34.48	35.00
152	32.19	33.41	34.43	34.80
153	32.20	33.24	34.37	34.61
154	32.19	33.08	34.30	34.43
155	32.19	32.93	34.23	34.27
156	32.17	32.79	34.16	34.12
157	32.15	32.66	34.08	33.97
158	32.13	32.53	34.00	33.84
159	32.10	32.41	33.91	33.71
160	32.06	32.30	33.83	33.59
161	32.03	32.20	33.74	33.48
162	32.00	32.10	33.66	33.37
163	31.96	32.01	33.57	33.26
164	31.92	31.92	33.49	33.16
165	31.89	31.86	33.40	33.11
166	31.85	31.87	33.32	33.23
167	31.81	31.99	33.28	33.48
168	31.78	32.16	33.27	33.77
169	31.77	32.37	33.31	34.08
170	31.77	32.59	33.37	34.37
171	31.78	32.83	33.45	34.65
172	31.80	33.05	33.54	34.92
173	31.84	33.28	33.65	35.17
174	31.89	33.49	33.77	35.40
175	31.95	33.70	33.89	35.62
176	32.01	33.90	34.02	35.83
177	32.08	34.09	34.15	36.03
178	32.16	34.27	34.28	36.22
179	32.24	34.45	34.41	36.40
180	32.32	34.61	34.55	36.57
181	32.40	34.77	34.69	36.74
182	32.49	34.92	34.83	36.89
183	32.58	35.07	34.96	37.05
184	32.67	35.21	35.09	37.19
185	32.75	35.34	35.22	37.31
186	32.84	35.37	35.35	37.25
187	32.93	35.32	35.46	37.07
188	33.01	35.20	35.52	36.83
189	33.08	35.04	35.54	36.58
190	33.14	34.86	35.53	36.34
191	33.17	34.67	35.50	36.10
192	33.20	34.49	35.46	35.89
193	33.21	34.32	35.40	35.69
194	33.21	34.14	35.33	35.50
195	33.20	33.99	35.26	35.33
196	33.19	33.84	35.18	35.16
197	33.16	33.69	35.10	35.01
198	33.14	33.56	35.01	34.86
199	33.11	33.43	34.92	34.73
200	33.07	33.31	34.84	34.60
201	33.04	33.20	34.75	34.48
202	32.99	33.10	34.66	34.36
203	32.96	33.00	34.57	34.25
204	32.92	32.90	34.48	34.14
205	32.88	32.82	34.38	34.07
206	32.83	32.83	34.31	34.18
207	32.79	32.93	34.25	34.43
208	32.76	33.11	34.24	34.72
209	32.74	33.31	34.27	35.03
210	32.73	33.53	34.32	35.32
211	32.74	33.76	34.39	35.60
212	32.76	33.99	34.49	35.85
213	32.80	34.21	34.59	36.10
214	32.84	34.42	34.70	36.33
215	32.90	34.63	34.83	36.55
216	32.96	34.82	34.95	36.75
217	33.02	35.01	35.07	36.94
218	33.10	35.19	35.20	37.13
219	33.17	35.36	35.34	37.30
220	33.25	35.53	35.47	37.47
221	33.34	35.68	35.60	37.64
222	33.42	35.83	35.73	37.79
223	33.50	35.97	35.87	37.94
224	33.59	36.11	35.99	38.09
225	33.67	36.23	36.13	38.19
226	33.76	36.27	36.25	38.12
227	33.84	36.20	36.34	37.93
228	33.92	36.07	36.40	37.69
229	33.99	35.90	36.42	37.43
230	34.04	35.72	36.40	37.19
231	34.07	35.54	36.37	36.96
232	34.09	35.36	36.32	36.74
233	34.10	35.18	36.26	36.54
234	34.10	35.01	36.19	36.35
235	34.08	34.85	36.12	36.17
236	34.08	34.69	36.03	36.00
237	34.05	34.55	35.95	35.85
238	34.01	34.41	35.86	35.70
239	33.98	34.28	35.77	35.57
240	33.94	34.16	35.68	35.44
241	33.90	34.05	35.59	35.31
242	33.86	33.94	35.49	35.19
243	33.82	33.84	35.40	35.08
244	33.78	33.74	35.31	34.97
245	33.73	33.66	35.22	34.90
246	33.69	33.67	35.13	35.01
247	33.64	33.77	35.08	35.25
248	33.61	33.94	35.06	35.54
249	33.58	34.14	35.08	35.84
250	33.58	34.36	35.14	36.13
251	33.58	34.59	35.22	36.41
252	33.60	34.82	35.31	36.67
253	33.63	35.03	35.41	36.92
254	33.68	35.25	35.52	37.14
255	33.73	35.45	35.63	37.35
256	33.79	35.64	35.76	37.56
257	33.86	35.83	35.88	37.75
258	33.93	36.01	36.01	37.94
259	34.00	36.18	36.14	38.11
260	34.08	36.34	36.26	38.28
261	34.16	36.49	36.40	38.44
262	34.23	36.64	36.53	38.59
263	34.32	36.78	36.66	38.74
264	34.40	36.91	36.79	38.88
265	34.49	37.04	36.92	38.99
266	34.57	37.08	37.03	38.94
267	34.65	37.02	37.13	38.75
268	34.73	36.89	37.18	38.50
269	34.79	36.72	37.20	38.25
270	34.84	36.54	37.19	38.00
271	34.87	36.36	37.16	37.76
272	34.89	36.17	37.12	37.55
273	34.90	35.99	37.05	37.33
274	34.89	35.81	36.98	37.14
275	34.88	35.65	36.90	36.97
276	34.86	35.49	36.82	36.79
277	34.83	35.35	36.73	36.63
278	34.80	35.20	36.64	36.48
279	34.76	35.07	36.54	36.35
280	34.73	34.95	36.45	36.21
281	34.69	34.83	36.36	36.09
282	34.64	34.72	36.26	35.96
283	34.60	34.62	36.17	35.85
284	34.56	34.51	36.08	35.74
285	34.51	34.44	35.98	35.65
286	34.47	34.43	35.89	35.75
287	34.42	34.53	35.83	35.98
288	34.38	34.69	35.82	36.27
289	34.35	34.89	35.83	36.56
290	34.34	35.11	35.88	36.85
291	34.34	35.33	35.95	37.13
292	34.36	35.55	36.04	37.39
293	34.39	35.77	36.14	37.63
294	34.43	35.98	36.25	37.86
295	34.48	36.18	36.36	38.07
296	34.54	36.37	36.48	38.27
297	34.61	36.56	36.60	38.47
298	34.67	36.74	36.72	38.64
299	34.74	36.90	36.86	38.81
300	34.81	37.06	36.98	38.98
301	34.89	37.22	37.11	39.14
302	34.97	37.36	37.23	39.29
303	35.05	37.50	37.36	39.43
304	35.13	37.63	37.48	39.57
305	35.21	37.75	37.61	39.70
306	35.29	37.81	37.73	39.68
307	35.37	37.77	37.84	39.51
308	35.45	37.66	37.90	39.28
309	35.52	37.50	37.92	39.02
310	35.57	37.32	37.91	38.76
311	35.60	37.12	37.88	38.52
312	35.62	36.94	37.83	38.30
313	35.63	36.75	37.77	38.09
314	35.62	36.57	37.70	37.89
315	35.61	36.40	37.62	37.70
316	35.59	36.24	37.53	37.53
317	35.56	36.09	37.45	37.36
318	35.53	35.95	37.35	37.21
319	35.49	35.80	37.26	37.07
320	35.45	35.68	37.17	36.93
321	35.41	35.56	37.07	36.80
322	35.37	35.45	36.97	36.67
323	35.32	35.34	36.87	36.55
324	35.27	35.24	36.78	36.44
325	35.23	35.15	36.68	36.36
326	35.17	35.13	36.59	36.44
327	35.13	35.23	36.53	36.66
328	35.08	35.38	36.50	36.95
329	35.05	35.58	36.52	37.24
330	35.04	35.80	36.56	37.53
331	35.04	36.02	36.64	37.80
332	35.06	36.23	36.72	38.06
333	35.08	36.45	36.81	38.30
334	35.12	36.66	36.92	38.52
335	35.17	36.86	37.03	38.74
336	35.23	37.05	37.15	38.94
337	35.29	37.23	37.26	39.13
338	35.35	37.41	37.39	39.30
339	35.42	37.58	37.52	39.48
340	35.50	37.74	37.64	39.64
341	35.57	37.89	37.77	39.80
342	35.64	38.03	37.89	39.95
343	35.72	38.16	38.02	40.09
344	35.80	38.30	38.14	40.23
345	35.88	38.42	38.27	40.35
346	35.96	38.47	38.38	40.30
347	36.04	38.40	38.48	40.12
348	36.11	38.27	38.54	39.87
349	36.17	38.10	38.55	39.61
350	36.22	37.92	38.53	39.35
351	36.25	37.72	38.50	39.11
352	36.27	37.53	38.45	38.89
353	36.27	37.35	38.38	38.67
354	36.26	37.17	38.31	38.48
355	36.24	37.00	38.23	38.29
356	36.22	36.84	38.14	38.12
357	36.19	36.68	38.05	37.95
358	36.15	36.54	37.95	37.80
359	36.11	36.40	37.86	37.65
360	36.07	36.27	37.76	37.51
361	36.03	36.15	37.66	37.38
362	35.98	36.03	37.56	37.26
363	35.93	35.92	37.46	37.14
364	35.88	35.82	37.37	37.02
365	35.83	35.73	37.26	36.94
366	35.78	35.72	37.17	37.03
367	35.73	35.82	37.11	37.26
368	35.69	35.98	37.09	37.55
369	35.65	36.18	37.11	37.84
370	35.64	36.39	37.15	38.13
371	35.64	36.61	37.22	38.41
372	35.65	36.84	37.31	38.66
373	35.68	37.05	37.40	38.90
374	35.71	37.25	37.51	39.13
375	35.76	37.46	37.62	39.34
376	35.82	37.65	37.74	39.54
377	35.87	37.83	37.85	39.73
378	35.94	38.00	37.98	39.91
379	36.01	38.17	38.10	40.08
380	36.08	38.33	38.22	40.24
381	36.16	38.47	38.36	40.39
382	36.23	38.62	38.48	40.54
383	36.31	38.76	38.60	40.69
384	36.39	38.89	38.73	40.82
385	36.47	39.00	38.85	40.94
386	36.55	39.06	38.97	40.91
387	36.62	39.00	39.07	40.72
388	36.69	38.88	39.12	40.48
389	36.76	38.71	39.14	40.22
390	36.80	38.52	39.12	39.96
391	36.83	38.32	39.09	39.72
392	36.84	38.13	39.03	39.49
393	36.85	37.94	38.97	39.27
394	36.85	37.76	38.89	39.07
395	36.83	37.59	38.81	38.88
396	36.80	37.43	38.72	38.71
397	36.77	37.28	38.63	38.54
398	36.73	37.13	38.53	38.39
399	36.69	36.99	38.43	38.24
400	36.64	36.85	38.34	38.10
401	36.60	36.73	38.24	37.96
402	36.55	36.61	38.14	37.84
403	36.50	36.51	38.03	37.72
404	36.45	36.40	37.94	37.60
