#	Temperatur 7 (°C)	Temperatur 8 (°C)
1	30.66	30.03
2	30.64	30.02
3	30.62	30.01
4	30.63	30.01
5	30.68	30.00
6	30.75	29.99
7	30.86	29.98
8	31.00	29.97
9	31.14	29.96
10	31.31	29.95
11	31.49	29.95
12	31.67	29.94
13	31.85	29.94
14	32.05	29.93
15	32.24	29.92
16	32.43	29.92
17	32.61	29.91
18	32.80	29.91
19	32.99	29.91
20	33.16	29.91
21	33.34	29.91
22	33.52	29.92
23	33.68	29.92
24	33.84	29.92
25	34.00	29.93
26	34.15	29.94
27	34.30	29.94
28	34.44	29.96
29	34.58	29.97
30	34.72	29.98
31	34.85	30.00
32	34.98	30.01
33	35.10	30.03
34	35.23	30.04
35	35.34	30.07
36	35.46	30.09
37	35.57	30.11
38	35.67	30.13
39	35.77	30.15
40	35.88	30.18
41	35.97	30.20
42	36.07	30.22
43	36.16	30.25
44	36.25	30.28
45	36.33	30.30
46	36.42	30.33
47	36.50	30.36
48	36.58	30.39
49	36.66	30.42
50	36.73	30.45
51	36.81	30.48
52	36.88	30.51
53	36.95	30.54
54	36.99	30.57
55	37.00	30.60
56	36.97	30.63
57	36.92	30.66
58	36.84	30.70
59	36.74	30.72
60	36.62	30.76
61	36.51	30.78
62	36.37	30.81
63	36.23	30.85
64	36.09	30.87
65	35.96	30.90
66	35.82	30.93
67	35.67	30.95
68	35.54	30.98
69	35.40	31.01
70	35.27	31.04
71	35.14	31.05
72	35.01	31.07
73	34.89	31.09
74	34.78	31.11
75	34.66	31.14
76	34.55	31.15
77	34.44	31.16
78	34.34	31.17
79	34.24	31.18
80	34.15	31.20
81	34.06	31.21
82	33.97	31.21
83	33.89	31.22
84	33.81	31.23
85	33.73	31.23
86	33.65	31.24
87	33.58	31.24
88	33.52	31.24
89	33.45	31.25
90	33.39	31.25
91	33.33	31.25
92	33.27	31.24
93	33.21	31.24
94	33.16	31.24
95	33.11	31.24
96	33.07	31.23
97	33.02	31.23
98	32.98	31.22
99	32.94	31.22
100	32.90	31.21
101	32.85	31.21
102	32.82	31.20
103	32.79	31.20
104	32.79	31.18
105	32.81	31.18
106	32.87	31.17
107	32.97	31.16
108	33.09	31.16
109	33.24	31.15
110	33.39	31.14
111	33.55	31.14
112	33.73	31.13
113	33.90	31.13
114	34.09	31.12
115	34.27	31.12
116	34.45	31.11
117	34.63	31.10
118	34.81	31.11
119	34.99	31.10
120	35.15	31.10
121	35.33	31.11
122	35.49	31.11
123	35.65	31.11
124	35.81	31.12
125	35.95	31.12
126	36.10	31.13
127	36.25	31.14
128	36.38	31.15
129	36.52	31.16
130	36.65	31.18
131	36.77	31.19
132	36.89	31.21
133	37.01	31.22
134	37.13	31.24
135	37.23	31.26
136	37.33	31.28
137	37.44	31.30
138	37.54	31.32
139	37.63	31.34
140	37.73	31.37
141	37.82	31.39
142	37.91	31.41
143	37.99	31.45
144	38.08	31.47
145	38.15	31.49
146	38.23	31.52
147	38.31	31.55
148	38.38	31.58
149	38.45	31.61
150	38.52	31.64
151	38.59	31.67
152	38.66	31.70
153	38.71	31.73
154	38.75	31.75
155	38.75	31.79
156	38.72	31.82
157	38.66	31.85
158	38.58	31.88
159	38.47	31.90
160	38.36	31.94
161	38.23	31.97
162	38.10	32.00
163	37.95	32.03
164	37.81	32.05
165	37.66	32.09
166	37.52	32.11
167	37.37	32.14
168	37.23	32.16
169	37.09	32.19
170	36.95	32.21
171	36.82	32.23
172	36.69	32.25
173	36.56	32.27
174	36.44	32.29
175	36.32	32.31
176	36.20	32.32
177	36.09	32.33
178	35.99	32.35
179	35.88	32.36
180	35.79	32.37
181	35.69	32.38
182	35.60	32.39
183	35.51	32.40
184	35.43	32.40
185	35.34	32.40
186	35.27	32.41
187	35.19	32.41
188	35.12	32.41
189	35.05	32.41
190	34.99	32.41
191	34.92	32.41
192	34.86	32.41
193	34.80	32.41
194	34.75	32.40
195	34.69	32.40
196	34.64	32.39
197	34.59	32.39
198	34.54	32.38
199	34.50	32.38
200	34.45	32.37
201	34.41	32.37
202	34.36	32.35
203	34.33	32.35
204	34.32	32.34
205	34.35	32.33
206	34.41	32.32
207	34.50	32.32
208	34.62	32.31
209	34.76	32.31
210	34.91	32.29
211	35.08	32.29
212	35.25	32.28
213	35.43	32.27
214	35.60	32.27
215	35.79	32.26
216	35.96	32.25
217	36.14	32.25
218	36.32	32.25
219	36.49	32.25
220	36.66	32.25
221	36.83	32.25
222	36.99	32.25
223	37.15	32.25
224	37.30	32.25
225	37.45	32.26
226	37.60	32.26
227	37.74	32.27
228	37.87	32.28
229	38.00	32.29
230	38.14	32.30
231	38.26	32.32
232	38.38	32.33
233	38.49	32.36
234	38.60	32.37
235	38.71	32.39
236	38.81	32.40
237	38.92	32.43
238	39.01	32.45
239	39.11	32.47
240	39.20	32.50
241	39.29	32.52
242	39.37	32.54
243	39.46	32.56
244	39.54	32.59
245	39.61	32.62
246	39.69	32.64
247	39.76	32.67
248	39.84	32.69
249	39.90	32.72
250	39.97	32.75
251	40.04	32.78
252	40.10	32.80
253	40.16	32.84
254	40.20	32.87
255	40.21	32.90
256	40.18	32.93
257	40.12	32.96
258	40.04	32.99
259	39.93	33.02
260	39.78	33.02
261	39.66	33.06
262	39.53	33.09
263	39.40	33.13
264	39.25	33.16
265	39.10	33.18
266	38.96	33.21
267	38.81	33.24
268	38.66	33.27
269	38.52	33.29
270	38.37	33.31
271	38.24	33.33
272	38.10	33.35
273	37.97	33.37
274	37.85	33.39
275	37.72	33.40
276	37.60	33.42
277	37.49	33.43
278	37.37	33.45
279	37.27	33.46
280	37.16	33.47
281	37.07	33.47
282	36.97	33.48
283	36.88	33.49
284	36.79	33.49
285	36.70	33.49
286	36.62	33.50
287	36.55	33.50
288	36.47	33.50
289	36.40	33.50
290	36.33	33.50
291	36.26	33.49
292	36.19	33.50
293	36.13	33.49
294	36.07	33.48
295	36.02	33.48
296	35.96	33.48
297	35.91	33.46
298	35.85	33.46
299	35.81	33.46
300	35.76	33.45
301	35.71	33.44
302	35.66	33.43
303	35.63	33.42
304	35.60	33.42
305	35.60	33.41
306	35.63	33.40
307	35.70	33.39
308	35.80	33.38
309	35.92	33.37
310	36.07	33.36
311	36.22	33.35
312	36.38	33.34
313	36.56	33.33
314	36.73	33.33
315	36.91	33.32
316	37.09	33.31
317	37.26	33.30
318	37.44	33.30
319	37.61	33.30
320	37.78	33.29
321	37.95	33.29
322	38.11	33.29
323	38.27	33.29
324	38.42	33.29
325	38.57	33.30
326	38.72	33.30
327	38.86	33.31
328	38.99	33.32
329	39.13	33.33
330	39.26	33.33
331	39.38	33.34
332	39.50	33.36
333	39.62	33.37
334	39.73	33.39
335	39.84	33.41
336	39.94	33.42
337	40.04	33.44
338	40.14	33.46
339	40.23	33.48
340	40.32	33.50
341	40.41	33.52
342	40.49	33.54
343	40.58	33.56
344	40.65	33.59
345	40.73	33.62
346	40.80	33.64
347	40.88	33.66
348	40.95	33.70
349	41.02	33.72
350	41.08	33.75
351	41.15	33.77
352	41.21	33.80
353	41.26	33.83
354	41.31	33.85
355	41.33	33.89
356	41.31	33.92
357	41.27	33.94
358	41.20	33.98
359	41.10	34.00
360	40.98	34.03
361	40.86	34.06
362	40.72	34.09
363	40.57	34.11
364	40.43	34.14
365	40.28	34.17
366	40.12	34.19
367	39.97	34.22
368	39.82	34.24
369	39.67	34.26
370	39.53	34.28
371	39.39	34.31
372	39.25	34.32
373	39.11	34.34
374	38.98	34.36
375	38.86	34.37
376	38.73	34.38
377	38.62	34.40
378	38.49	34.41
379	38.39	34.42
380	38.28	34.43
381	38.17	34.43
382	38.07	34.44
383	37.98	34.45
384	37.89	34.45
385	37.79	34.46
386	37.71	34.46
387	37.63	34.46
388	37.55	34.46
389	37.47	34.46
390	37.40	34.45
391	37.33	34.45
392	37.26	34.44
393	37.19	34.44
394	37.13	34.43
395	37.07	34.43
396	37.01	34.42
397	36.95	34.41
398	36.90	34.41
399	36.84	34.40
400	36.80	34.39
401	36.75	34.38
402	36.70	34.37
403	36.65	34.36
404	36.62	34.35
405	36.62	34.34
406	36.65	34.33
407	36.72	34.32
408	36.82	34.31
409	36.94	34.30
410	37.08	34.29
411	37.23	34.27
412	37.39	34.27
413	37.56	34.26
414	37.73	34.25
415	37.91	34.24
416	38.08	34.23
417	38.26	34.22
418	38.43	34.21
419	38.60	34.21
420	38.77	34.21
421	38.93	34.20
422	39.10	34.20
423	39.25	34.20
424	39.40	34.20
425	39.55	34.20
426	39.68	34.21
427	39.82	34.21
428	39.96	34.22
429	40.08	34.23
430	40.21	34.24
431	40.33	34.24
432	40.45	34.25
433	40.56	34.26
434	40.67	34.28
435	40.78	34.30
436	40.87	34.31
437	40.98	34.33
438	41.07	34.34
439	41.16	34.36
440	41.25	34.38
441	41.34	34.40
442	41.42	34.42
443	41.50	34.44
444	41.58	34.47
445	41.65	34.49
446	41.73	34.52
447	41.79	34.54
448	41.86	34.56
449	41.92	34.58
450	41.99	34.61
451	42.05	34.64
452	42.11	34.66
453	42.17	34.69
454	42.21	34.72
455	42.23	34.74
456	42.22	34.77
457	42.17	34.79
458	42.09	34.82
459	42.00	34.85
460	41.88	34.88
461	41.76	34.91
462	41.62	34.93
463	41.47	34.96
464	41.31	34.98
465	41.16	35.01
466	41.01	35.03
467	40.85	35.05
468	40.70	35.08
469	40.55	35.10
470	40.40	35.12
471	40.25	35.14
472	40.11	35.16
473	39.97	35.17
474	39.84	35.19
475	39.71	35.20
476	39.59	35.21
477	39.46	35.23
478	39.34	35.24
479	39.23	35.24
480	39.12	35.25
481	39.01	35.26
482	38.91	35.26
483	38.81	35.27
484	38.72	35.27
485	38.62	35.27
486	38.53	35.26
487	38.45	35.27
488	38.36	35.27
489	38.29	35.26
490	38.21	35.26
491	38.13	35.25
492	38.07	35.25
493	38.00	35.24
494	37.93	35.23
495	37.87	35.22
496	37.81	35.22
497	37.75	35.21
498	37.69	35.20
499	37.63	35.19
500	37.58	35.18
501	37.53	35.17
502	37.48	35.16
503	37.43	35.14
504	37.40	35.13
505	37.39	35.12
506	37.42	35.11
507	37.48	35.10
508	37.58	35.08
509	37.70	35.07
510	37.83	35.06
511	37.98	35.05
512	38.15	35.03
513	38.32	35.02
514	38.49	35.02
515	38.66	35.00
516	38.83	34.99
517	39.01	34.99
518	39.18	34.98
519	39.36	34.97
520	39.52	34.96
521	39.69	34.96
522	39.85	34.96
523	40.00	34.95
524	40.15	34.95
525	40.30	34.95
526	40.44	34.96
527	40.58	34.96
528	40.71	34.96
529	40.84	34.96
530	40.97	34.98
531	41.09	34.98
532	41.21	35.00
533	41.32	35.00
534	41.43	35.02
535	41.53	35.02
536	41.63	35.04
537	41.73	35.06
538	41.82	35.07
539	41.91	35.09
540	42.00	35.11
541	42.09	35.13
542	42.17	35.15
543	42.25	35.17
544	42.32	35.19
545	42.40	35.21
546	42.47	35.24
547	42.54	35.26
548	42.61	35.28
549	42.67	35.31
550	42.73	35.32
551	42.79	35.35
552	42.85	35.38
553	42.91	35.41
554	42.96	35.43
555	42.99	35.46
556	42.98	35.48
557	42.94	35.51
558	42.87	35.53
559	42.77	35.56
560	42.66	35.59
561	42.52	35.61
562	42.39	35.63
563	42.24	35.66
564	42.08	35.68
565	41.93	35.70
566	41.77	35.73
567	41.61	35.75
568	41.45	35.77
569	41.30	35.79
570	41.15	35.81
571	41.00	35.83
572	40.85	35.85
573	40.71	35.86
574	40.57	35.87
575	40.44	35.88
576	40.31	35.90
577	40.18	35.90
578	40.06	35.91
579	39.94	35.92
580	39.82	35.93
581	39.71	35.93
582	39.61	35.94
583	39.51	35.94
584	39.41	35.94
585	39.31	35.94
586	39.22	35.94
587	39.13	35.94
588	39.05	35.93
589	38.97	35.93
590	38.89	35.92
591	38.81	35.92
592	38.74	35.91
593	38.67	35.91
594	38.60	35.89
595	38.53	35.89
596	38.47	35.87
597	38.41	35.86
598	38.35	35.85
599	38.29	35.84
600	38.24	35.83
601	38.18	35.82
602	38.13	35.81
603	38.09	35.79
604	38.04	35.78
605	38.02	35.77
606	38.04	35.75
607	38.10	35.74
608	38.18	35.73
609	38.29	35.71
610	38.42	35.70
611	38.57	35.69
612	38.73	35.67
613	38.90	35.66
614	39.07	35.65
615	39.24	35.63
616	39.42	35.62
617	39.60	35.61
618	39.77	35.60
619	39.94	35.60
620	40.11	35.59
621	40.28	35.58
622	40.44	35.58
623	40.60	35.57
624	40.75	35.57
625	40.90	35.57
626	41.05	35.57
627	41.19	35.57
628	41.31	35.57
629	41.45	35.58
630	41.58	35.58
631	41.69	35.59
632	41.80	35.59
633	41.92	35.60
634	42.03	35.61
635	42.14	35.63
636	42.24	35.64
637	42.34	35.65
638	42.43	35.67
639	42.53	35.69
640	42.62	35.70
641	42.71	35.72
642	42.79	35.74
643	42.87	35.76
644	42.95	35.77
645	43.02	35.80
646	43.09	35.81
647	43.16	35.84
648	43.22	35.85
649	43.28	35.88
650	43.35	35.91
651	43.41	35.93
652	43.47	35.95
653	43.53	35.98
654	43.59	36.00
655	43.62	36.03
656	43.63	36.05
657	43.60	36.08
658	43.54	36.10
659	43.46	36.13
660	43.36	36.16
661	43.23	36.18
662	43.09	36.20
663	42.94	36.23
664	42.79	36.24
665	42.64	36.27
666	42.48	36.29
667	42.32	36.32
668	42.16	36.34
669	42.00	36.36
670	41.85	36.38
671	41.70	36.39
672	41.55	36.41
673	41.41	36.43
674	41.26	36.44
675	41.12	36.45
676	40.99	36.46
677	40.86	36.47
678	40.73	36.48
679	40.62	36.49
680	40.49	36.50
681	40.39	36.50
682	40.28	36.50
683	40.17	36.51
684	40.07	36.51
685	39.97	36.51
686	39.87	36.50
687	39.78	36.50
688	39.70	36.50
689	39.61	36.49
690	39.53	36.49
691	39.45	36.48
692	39.38	36.47
693	39.30	36.47
694	39.24	36.46
695	39.16	36.45
696	39.10	36.43
697	39.03	36.43
698	38.97	36.42
699	38.92	36.40
700	38.86	36.39
701	38.81	36.38
702	38.75	36.37
703	38.70	36.35
704	38.65	36.34
705	38.61	36.32
706	38.61	36.31
707	38.63	36.29
708	38.69	36.28
709	38.78	36.26
710	38.90	36.25
711	39.04	36.23
712	39.18	36.22
713	39.34	36.20
714	39.51	36.19
715	39.67	36.18
716	39.85	36.16
717	40.03	36.15
718	40.20	36.14
719	40.36	36.13
720	40.53	36.12
721	40.70	36.11
722	40.86	36.10
723	41.02	36.10
724	41.17	36.09
725	41.32	36.09
726	41.46	36.09
727	41.60	36.09
728	41.74	36.09
729	41.87	36.09
730	41.99	36.09
731	42.11	36.10
732	42.23	36.10
733	42.35	36.11
734	42.46	36.12
735	42.57	36.13
736	42.67	36.14
737	42.77	36.16
738	42.86	36.17
739	42.95	36.19
740	43.05	36.20
741	43.13	36.22
742	43.21	36.23
743	43.29	36.25
744	43.37	36.26
745	43.44	36.28
746	43.51	36.30
747	43.58	36.33
748	43.65	36.35
749	43.71	36.37
750	43.78	36.39
751	43.83	36.41
752	43.90	36.43
753	43.95	36.46
754	44.01	36.48
755	44.05	36.50
756	44.06	36.52
757	44.04	36.55
758	43.99	36.57
759	43.90	36.60
760	43.80	36.62
761	43.68	36.64
762	43.54	36.67
763	43.40	36.69
764	43.25	36.71
765	43.09	36.74
766	42.94	36.76
767	42.78	36.78
768	42.62	36.79
769	42.47	36.82
770	42.32	36.83
771	42.16	36.85
772	42.01	36.87
773	41.86	36.88
774	41.73	36.89
775	41.59	36.90
776	41.45	36.92
777	41.33	36.92
778	41.20	36.94
779	41.08	36.94
780	40.96	36.94
781	40.84	36.95
782	40.73	36.95
783	40.63	36.95
784	40.53	36.95
785	40.43	36.95
786	40.33	36.95
787	40.24	36.94
788	40.15	36.94
789	40.07	36.93
790	39.98	36.93
791	39.90	36.92
792	39.83	36.91
793	39.75	36.90
794	39.68	36.89
795	39.61	36.88
796	39.54	36.87
797	39.48	36.86
798	39.42	36.85
799	39.36	36.84
800	39.30	36.83
801	39.25	36.81
802	39.19	36.80
803	39.14	36.78
804	39.09	36.77
805	39.05	36.76
806	39.04	36.74
807	39.07	36.73
808	39.12	36.71
809	39.21	36.69
810	39.33	36.67
811	39.46	36.66
812	39.60	36.65
813	39.76	36.63
814	39.93	36.62
815	40.09	36.60
816	40.27	36.59
817	40.43	36.57
818	40.61	36.56
819	40.77	36.55
820	40.94	36.54
821	41.10	36.53
822	41.26	36.52
823	41.42	36.52
824	41.57	36.51
825	41.72	36.51
826	41.86	36.51
827	42.00	36.51
828	42.13	36.51
829	42.27	36.51
830	42.39	36.51
831	42.51	36.51
832	42.62	36.52
833	42.73	36.52
834	42.84	36.53
835	42.94	36.54
836	43.05	36.55
837	43.15	36.56
838	43.24	36.58
839	43.33	36.59
840	43.42	36.60
841	43.50	36.62
842	43.58	36.64
843	43.66	36.65
844	43.74	36.67
845	43.81	36.68
846	43.88	36.70
847	43.95	36.72
848	44.02	36.74
849	44.08	36.77
850	44.14	36.79
851	44.20	36.81
852	44.25	36.82
853	44.31	36.85
854	44.36	36.87
855	44.40	36.89
856	44.42	36.91
857	44.40	36.94
858	44.34	36.96
859	44.26	36.98
860	44.16	37.00
861	44.03	37.03
862	43.89	37.05
863	43.76	37.07
864	43.60	37.09
865	43.44	37.12
866	43.29	37.13
867	43.14	37.15
868	42.98	37.18
869	42.82	37.19
870	42.67	37.21
871	42.51	37.22
872	42.37	37.24
873	42.22	37.25
874	42.07	37.26
875	41.94	37.27
876	41.81	37.28
877	41.67	37.29
878	41.55	37.30
879	41.42	37.30
880	41.31	37.31
881	41.20	37.31
882	41.09	37.32
883	40.98	37.32
884	40.88	37.31
885	40.78	37.31
886	40.68	37.31
887	40.59	37.30
888	40.50	37.30
889	40.41	37.29
890	40.33	37.29
891	40.25	37.28
892	40.17	37.27
893	40.09	37.26
894	40.02	37.25
895	39.96	37.24
896	39.89	37.22
897	39.83	37.22
898	39.76	37.20
899	39.70	37.19
900	39.64	37.17
901	39.58	37.16
902	39.53	37.15
903	39.48	37.13
904	39.43	37.12
905	39.39	37.10
906	39.37	37.09
907	39.39	37.07
908	39.46	37.05
909	39.54	37.04
910	39.65	37.02
911	39.78	37.00
912	39.92	36.99
913	40.08	36.97
914	40.24	36.95
915	40.41	36.94
916	40.58	36.93
917	40.75	36.92
918	40.92	36.90
919	41.09	36.89
920	41.25	36.87
921	41.42	36.87
922	41.57	36.86
923	41.73	36.85
924	41.88	36.85
925	42.03	36.85
926	42.17	36.84
927	42.30	36.84
928	42.44	36.84
929	42.57	36.84
930	42.70	36.84
931	42.81	36.85
932	42.93	36.84
933	43.04	36.85
934	43.15	36.86
935	43.26	36.87
936	43.35	36.88
937	43.45	36.89
938	43.54	36.90
939	43.63	36.91
940	43.72	36.93
941	43.81	36.94
942	43.88	36.96
943	43.96	36.97
944	44.04	36.99
945	44.11	37.00
946	44.19	37.03
947	44.25	37.04
948	44.32	37.06
949	44.38	37.08
950	44.44	37.10
951	44.50	37.12
952	44.55	37.14
953	44.61	37.16
954	44.67	37.18
955	44.71	37.20
956	44.73	37.23
957	44.72	37.25
958	44.67	37.27
959	44.60	37.30
960	44.50	37.32
961	44.37	37.33
962	44.25	37.36
963	44.10	37.38
964	43.95	37.41
965	43.80	37.42
966	43.64	37.45
967	43.48	37.46
968	43.32	37.48
969	43.17	37.50
970	43.01	37.52
971	42.85	37.53
972	42.71	37.55
973	42.56	37.56
974	42.41	37.58
975	42.27	37.59
976	42.14	37.59
977	42.01	37.60
978	41.88	37.61
979	41.76	37.61
980	41.64	37.62
981	41.52	37.62
982	41.41	37.62
983	41.31	37.62
984	41.20	37.62
985	41.10	37.62
986	41.00	37.62
987	40.91	37.61
988	40.82	37.61
989	40.73	37.60
990	40.65	37.60
991	40.57	37.59
992	40.48	37.57
993	40.41	37.57
994	40.34	37.55
995	40.27	37.55
996	40.21	37.53
997	40.13	37.52
998	40.07	37.51
999	40.01	37.49
1000	39.94	37.48
1001	39.89	37.46
1002	39.83	37.45
